Genes: 1257,374,1504,839,1071,374,1253,374,1253,839,0,1337,374,1504,1253,0,1504,839,1253,374,1253,374,1504,1504
2,5,4,0,7,1,1,7,4,2,5,0,1,2,4,6,5,5,7,1,3,4,5,3
Fitness: -53.96923381055491
Constraints: 1.0
Age: 1
Level:
-------------------------S----------------------------------------------------------------------------------------------------------------------------------------------------------------------------------------------------------------------------------------------------------------------------------------------------------------------------------------------------------------------------------------------------------------------
------------------------------------------------------------------------------------------------------------------------------------------------------------------------------------------------------------------------------------------------------------------------------------------------------------------------------------------------------------------------------------------------------------------------------------------------
------------------------------------------------------------------------------------------------------------------------------------------------------------------------------------------------------------------------------------------------------------------------------------------------------------------------------------------------------------------------------------------------------------------------------------------------
-------------------------------------------------------------------------------------------------------------------------------------------------------------------------------------------------------------------------------------------------------------------------------------------------------------------------------------------------------------------------------------------------S----------------------------------------------
------------------------------------------------------------------------------------------------------------------------------------------------------------------------------------------------------------------------------------------------------------------------------------------------------------------------------------------------------------------------------------------------------------------------------------------------
--------------------------------------------------------------------------------------------------------------------------------------S---------------------------------------------------------------------------------------------------------------------------------------------------------------------------------------------------------------------------------------------------------------------------------------------------------
---------------------------------------------------------------------------------------------------S-----------------------------------------------------------------------------------------------------------------------------S-----------------------------------------------------------------------------------------------------------------------------S--------------------------------------------------------------------------------
------------------------------------------------------------------------------------------------------------------------------------Q-----------------------------------------------------------------------------------------------------------------------------------------------------------------------------------------------------------------------------------------------------------------------------------------------------------
---------------------------------------------------------------------------1--------------------------------------------------------------------------------------------------------------------------------------------------------------------------------------------------------------------------------------------------------------------------------------------------------------------------------------------------------------------
--------------------------------------------------------------------------------T-----------------------------------------------------------------------------------------------------------------------------------------------------------------------------------------------------------------------------------------------------------------------------------------------------------------------------------------------T---------------
---L---------------------#-----g------------------------------------------------T-------------------g---------------------------------------------------------------------------------------------------------Q-------------------g---------------------------------------------------------------#-------------------------------------------------------------g---------------------------------------------#-----------------T---------------
------------------XX%--XXXXXXXXXXX----------------------------------------#-----T---------XXXXXXXXXXX---XX--XX-----XXXXXXXXX--------S-----------------------------------------------XXXXXXXXXXXXXXXX--------------------XXXXXXXXXXX---XX----------------------------------------------------------#-----------------------k---------------------------XXXXXXXXXXX---XX----------------------------------------#---------------XXXXXXXXXXXXXXXX--
------------------XX---XXXXXXXXXXX----#-----------------------------------#-----T---------XXXXXXXXXXX---XX--XX-----XXXXXXXXX--XX-------XXXXXXX--------------------------------------XXXXXXXXXXXXXXXX--------------------XXXXXXXXXXX---XX----T---------------------------------------------------XXXXXXXXXXXXXXXX--XXXXXXXXXX----XX--------------------XXXXXXXXXXX---XX--------------------------------------XXXXXXXXXXXXXXXX--XXXXXXXXXXXXXXXX--
----k-------------XXXXXXXXXXXXXXXX----#---------------------------------XXXXXXXXXXXXXXXX--XXXXXXXXXXXXXXXX--XXXXXXXXXXXXXXXX--XX-------XXXXXXX--------------------------------------XXXXXXXXXXXXXXXX------k----g--------XXXXXXXXXXXXXXXX----T---------------------------------------------------XXXXXXXXXXXXXXXX--XXXXXXXXXX----XX--XX-----XXXXXXXXX--XXXXXXXXXXXXXXXX--XX-----XX-----XX---------#-----g----XXXXXXXXXXXXXXXX--XXXXXXXXXXXXXXXX--
XXXXXXXXXXXXXXXXXXXXXXXXXXXXXXXXXXXXXXXXXXXXXXXXXXXXXXXXXXXX--------XXXXXXXXXXXXXXXXXXXXXXXXXXXXXXXXXXXXXXXXXXXXXXXXXXXXXXXXXXXXXXXXXXXXXXXXXXXXXX----XXXXXXXXXXXXXXXXXXX-------XXXXXXXXXXXXXXXXXXXXXXXXXXXXXXXXXXXXXXXXXXXXXXXXXXXXXXXXXXXXXXXXXXXXXXXXXXXXXX----XXXXXXXXXXXXXXXXXXXXXXXXXXXXXXXXXXXXXXXXXXXXXXXXXXXXXXXXXXXXXXXXXXXX-----XXXXXXXXXXXXXXXXXXXXXXXXXXXXXXX-----XX-----XXXXXX%--XXXXXXXXXXXXXXXXXXXXXXXXXXXXXXXXXXXXXXXXXXXXXXXXX
XXXXXXXXXXXXXXXXXXXXXXXXXXXXXXXXXXXXXXXXXXXXXXXXXXXXXXXXXXXX--------XXXXXXXXXXXXXXXXXXXXXXXXXXXXXXXXXXXXXXXXXXXXXXXXXXXXXXXXXXXXXXXXXXXXXXXXXXXXXX----XXXXXXXXXXXXXXXXXXX-------XXXXXXXXXXXXXXXXXXXXXXXXXXXXXXXXXXXXXXXXXXXXXXXXXXXXXXXXXXXXXXXXXXXXXXXXXXXXXX----XXXXXXXXXXXXXXXXXXXXXXXXXXXXXXXXXXXXXXXXXXXXXXXXXXXXXXXXXXXXXXXXXXXXXXXXXXXXXXXXXXXXXXXXXXXXXXXXXXXXXXXXXXXXXXXXXXXXXXXXXX---XXXXXXXXXXXXXXXXXXXXXXXXXXXXXXXXXXXXXXXXXXXXXXXXX


