1,1.0,48.895845296259104,30.0,8.0,25.0
1257,374,1504,0,839,0,1071,374,1253,374,1253,839,405,1265,374,1253,0,1504,374,0,839
0,1,6,5,3,7,6,1,2,7,4,1,5,3,7,2,2,0,7,5,5
------------------------------------------------------------------------------------------------------------------------------------------------------------------------------------------------------------------------------------------------------------------------------------------------------------------------------------------------------------------------------------------
------------------------------------------------------------------------------------------------------------------------------------------------------------------------------------------------------------------------------------------------------------------------------------------------------------------------------------------------------------------------------------------
------------------------------------------------------------------------------------------------------------------------------------------------------------------------------------------------------------------------------------------------------------------------------------------------------------------------------------------------------------------------------------------
------------------------------------------------------------------------------------------------------------------------------------------------------------------------------------------------------------------------------------------------------------------------------------------------------------------------------------------------------------------------------------------
------------------------------------------------------------------------------------------------------------------------------------------------------------------------------------------------------------------------------------------------------------------------------------------------------------------------------------------------------------------------------------------
------------------------------------------------------------------------------------------------------------------------------------------------------------------------------------------------------------------------------------------------------------------------------------------------------------------------------------------------------------------------------------------
--------------------------------------------------------------------------------------------------------------------------------------------------------------------------S-----------------------------------------------------------------------------------------S-----------------------------------------------------------------------S---------------------------------------------
---------------------------S-----------------------------------------------------------------------------------------------------------S--------------------------------------------------------------------------------------------------------------------------------------------------------------------------------------------------------------------------------------------------
------------------------------------------------------------------------------------------------------------------------------------------------------------------------Q-------------------------------------------------------------------!---------------------Q-----------------------------------------------------------------------Q-----------------------------------------------
---------------------------------------------------------------------------------------------------------------1--------------------------------------------------------------------------------------------------------------------------------------------------------------------------------------------------------------------------------------------------------------------------
--------U-----------------------------------------------------------------------------------------------------------T-----------------------------------------------------------------------------------------------------S---------------------------------------------------------------------------------------------------------------------------------------------------------------
----------------------------g-------------------------------------------------------------XXXXXXXXXXXXXXXX----------T-------------------g-----------------------------------------------------------------------------------k--#------------k---------------------------------------------------------------------------------------------------------------------------------------------
------------------XXXXXXXXXXX---XX----S---------------------------------XXXXXXX-------XX--XXXXXXXXXXXXXXXX----#-----T---------XXXXXXXXXXX---XX--------------------------S-----------------------------------------------XX-XXXXXXX---XXX--XXXXXXXXXXXXXXXX--------S-------------------------------------------------#---------------------S-------------------------------------k---------
----------k-------XXXXXXXXXXX---XX--------------------XXXXXXXXXXXXXXXX--XXXXXXX-------XX--XXXXXXXXXXXXXXXX----#-----T---------XXXXXXXXXXX---XX--------------------XX-------XXXXXXX--------------------XXXXXX--------XX--XX-XXXXXXX---XXX--XXXXXXXXXXXXXXXX--XX-------XXXXXXX----------------------------------------#---------------XX-------XXXXXXX--XXXXXXXXXXXXXXXX--XXXXXXXXXX----XX--
XXXXXXXXXXXXXXXXXXXXXXXXXXXXXXXXXXXXXX---XXXXXXXXXXXXXXXXXXXXXXXXXXXXXXXXXXXXXXXXXXXXXXXXXXXXXXXXXXXXXXXXXXXXXXXXXXXXXXXXXXXXXXXXXXXXXXXXXXXXXXXXX-----XX-----XXXXXX-------XXXXXXXXXXX----XXXXXXXXXXXXXXXXXX--------XXXXXXXXXXXXXXXXXXXXXXXXXXXXXXXXXXXXXXXXXX-------XXXXXXXXXXX-----XX-----XXXXXXXXXXXXXXXXXXXXXXXXXXXXXXXXXXXXXXXXXX-------XXXXXXXXXXXXXXXXXXXXXXXXXXXXXXXXXXXXX----XXXX
XXXXXXXXXXXXXXXXXXXXXXXXXXXXXXXXXXXXXX---XXXXXXXXXXXXXXXXXXXXXXXXXXXXXXXXXXXXXXXXXXXXXXXXXXXXXXXXXXXXXXXXXXXXXXXXXXXXXXXXXXXXXXXXXXXXXXXXXXXXXXXXX-----XX-----XXXXXXXXXXXXXXXXXXXXXXXX----XXXXXXXXXXXXXXXXXXXXXXXXXXXXXXXXXXXXXXXXXXXXXXXXXXXXXXXXXXXXXXXXXXXXXXXXXXXXXXXXXXXXXX-----XX-----XXXXXXXXXXXXXXXXXXXXXXXXXXXXXXXXXXXXXXXXXXXXXXXXXXXXXXXXXXXXXXXXXXXXXXXXXXXXXXXXXXXXXXXXXXXXXX


