1,1.0,-70.0,4.0,34.0,0.0
1257,374,0,1504,839,1071,374,1253,374,1253,904,1253,374,1504,839,1253,374,1253,374,1253,1504
1,2,1,5,7,2,0,4,1,6,1,3,0,5,3,6,7,7,6,5,5
------------------------------------------------------------------------------------------------------------------------------------------------------------------------------------------------------------------------------------------------------------------------------------------------------------------------------------------------------------------------------------------
------------------------------------------------------------------------------------------------------------------------------------------------------------------------------------------------------------------------------------------------------------------------------------------------------------------------------------------------------------------------------------------
------------------------------------------------------------------------------------------------------------------------------------------------------------------------------------------------------------------------------------------------------------------------------------------------------------------------------------------------------------------------------------------
------------------------------------------------------------------------------------------------------------------------------------------------------------------------------------------------------------------------------------------------------------------------------------------------------------------------------------------------------------------------------------------
--------------------------------------------------------------------------------o---------------------------------------------------------------------------------------------------------------------------------------------------------------------------------------------------------------------------------------------------------------------------------------------------------
--------------------------------------------------------------------------------------------------------------------------------------------------------------------------------------S---------------------------------------------------------------------------------------------------------------------------------------------------------------------------------------------------
--------------------------------------------------------------------------------------------------------------------------------------------------------------------------------------------------------------------------------------------------------------------------------------------------------S---------------------------------------------------------------------------------
---------------------------------------------------------------------------------------------------------------------------------------------------------S----------------------------------------------------------------------------------------------------------------------------------------------------------------------------------S---------------------------------------------
--------U---------------------------------------------------------------------------------------------------------------------------------------------------------------------------------------------------------------------------------------------------------------------------------------------Q-----------------------------------------------------------------------------------
---------------------------------------------------------------------------------------------------------------------S----------------------------------------------------------------SQ-----------------------------------------S--------------------------------------------------------------------------------------------------------Q-----------------------------------------------
--------------------------------------------------------#----------------------------------------T------------------------------------------------------------------------------------K-----------------------------------------------------#-----------------------------------------------------------------------------------------------------------------------------#---------------
----------k---------------------------------------------#----------------------------------------T--------------------------------------------------------g-------------------------------------------XX-----XX-----XX----------------------#---------------------------------------------------------------------------------------------------------XX----XXXXXXXXXX----#---------------
XXXXXXXXXXXXXXXX--------------------XXXXXXXXXXXXXXXX--XXXXXXXXXXXXXXXX--XX-------XXXXXXX---------T----------------------------------------------XXXXXXXXXXX---XX--------------------------------------XX-----XX-----XX--------------------XXXXXXXXXXXXXXXX--XXXXXXX-------XX--------------------------S-----------------------------------------------XX----XXXXXXXXXX--XXXXXXXXXXXXXXXX--
XXXXXXXXXXXXXXXX------k-#-----------XXXXXXXXXXXXXXXX--XXXXXXXXXXXXXXXX--XX-------XXXXXXX----k----T--------------------g-------------------------XXXXXXXXXXX---XX--------------------XXXXXXXXXXXXXXXX--XXXXXXXXXXXXXXXX------------g-------XXXXXXXXXXXXXXXX--XXXXXXX-------XX--------------------XX-------XXXXXXX--XX-----XXXXXXXXX--------S-----------XXXXXXXXXXXXXXXX--XXXXXXXXXXXXXXXX--
XXXXXXXXXXXXXXXXXXXXXXXXX-------XXXXXXXXXXXXXXXXXXXXXXXXXXXXXXXXXXXXXXXXXXXXXXXXXXXXXXXXXXXXXXXXXXXX----XXXXXXXXXXXXXXX---XXXXXX----XXXXXXXXXXXXXXXXXXXXXXXXXXXXXXXX-----XXXXXXXXXXXXXXXXXXXXXXXXXXXXXXXXXXXXXXXXXXXXXXXXXXXXXXXXXX---XXXXXXXXXXXXXXXXXXXXXXXXXXXXXXXXXXXXXXXXXX-----XXXXXXXXXXXXX-------XXXXXXXXXXX-----XXXXXXXXXXXXX-------XXXXXXXXXXXXXXXXXXXXXXXXXXXXXXXXXXXXXXXXXXXXX
XXXXXXXXXXXXXXXXXXXXXXXXX-------XXXXXXXXXXXXXXXXXXXXXXXXXXXXXXXXXXXXXXXXXXXXXXXXXXXXXXXXXXXXXXXXXXXX----XXXXXXXXXXXXXXX---XXXXXX----XXXXXXXXXXXXXXXXXXXXXXXXXXXXXXXX-----XXXXXXXXXXXXXXXXXXXXXXXXXXXXXXXXXXXXXXXXXXXXXXXXXXXXXXXXXX---XXXXXXXXXXXXXXXXXXXXXXXXXXXXXXXXXXXXXXXXXX-----XXXXXXXXXXXXXXXXXXXXXXXXXXXXXXXXXXXXXXXXXXXXXXXXX-------XXXXXXXXXXXXXXXXXXXXXXXXXXXXXXXXXXXXXXXXXXXXX


