1,1.0,-53.96923381055491,9.0,29.0,49.0
1257,374,1504,839,1071,374,1253,374,1253,839,0,1337,374,1504,1253,0,1504,839,1253,374,1253,374,1504,1504
2,5,4,0,7,1,1,7,4,2,5,0,1,2,4,6,5,5,7,1,3,4,5,3
------------------------------------------------------------------------------------------------------------------------------------------------------------------------------------------------------------------------------------------------------------------------------------------------------------------------------------------------------------------------------------------------------------------------------------------------
------------------------------------------------------------------------------------------------------------------------------------------------------------------------------------------------------------------------------------------------------------------------------------------------------------------------------------------------------------------------------------------------------------------------------------------------
-------------------------S----------------------------------------------------------------------------------------------------------------------------------------------------------------------------------------------------------------------------------------------------------------------------------------------------------------------------------------------------------------------------------------------------------------------
-------------------------------------------------------------------------------------------------------------------------------------------------------------------------------------------------------------------------------------------------------------------------------------------------------------------------------------------------------------------------------------------------S----------------------------------------------
------------------------------------------------------------------------------------------------------------------------------------------------------------------------------------------------------------------------------------------------------------------------------------------------------------------------------------------------------------------------------------------------------------------------------------------------
------------------------------------------------------------------------------------------------------------------------------------------------------------------------------------------------------------------------------------------------------------------------------------------------------------------------------------------------------------------------------------------------------------------------------------------------
--------------------------------------------------------------------------------------------------------------------------------------S---------------------------------------------------------------------------------------------------------------------------------------------------------------------------------------------------------------------------------------------------------------------------------------------------------
---------------------------------------------------------------------------------------------------S-----------------------------------------------------------------------------------------------------------------------------S-----------------------------------------------------------------------------------------------------------------------------S--------------------------------------------------------------------------------
---------------------------------------------------------------------------1--------------------------------------------------------Q-----------------------------------------------------------------------------------------------------------------------------------------------------------------------------------------------------------------------------------------------------------------------------------------------------------
--------------------------------------------------------------------------------T---------------------------------------------------------------------------------------------------------------------------------------------------------------------------------------------------------------------------------------------------------------------------------------------------------------------------------------------------------------
---L----------------------------------------------------------------------------T-----------------------------------------------------------------------------------------------------------------------------Q-----------------------------------------------------------------------------------#-----------------------------------------------------------------------------------------------------------#-----------------T---------------
--------------------------------------------------------------------------#-----T-------------------g-----------------------------------------------------------------------------------------------------------------------------g---------------------------------------------------------------#-------------------------------------------------------------g-------XX-----XX-----XX----------------------#-----------------T---------------
-------------------------#-----g------#-----------------------------------#-----T---------XXXXXXXXXXX---XX--------------------------S-----------------------------------------------------------------------------------XXXXXXXXXXX---XX----T---------------------------------------------------XXXXXXXXXXXXXXXX----------k---------------------------XXXXXXXXXXX---XX--XX-----XX-----XX--------------------XXXXXXXXXXXXXXXX--XXXXXXXXXXXXXXXX--
----k-------------XX%--XXXXXXXXXXX----#---------------------------------XXXXXXXXXXXXXXXX--XXXXXXXXXXX---XX--XX-----XXXXXXXXX--XX-------XXXXXXX--------------------------------------XXXXXXXXXXXXXXXX------k----g--------XXXXXXXXXXX---XX----T---------------------------------------------------XXXXXXXXXXXXXXXX--XXXXXXXXXX----XX--XX-----XXXXXXXXX--XXXXXXXXXXX---XX--XXXXXXXXXXXXXXXX---------#-----g----XXXXXXXXXXXXXXXX--XXXXXXXXXXXXXXXX--
XXXXXXXXXXXXXXXXXXXX---XXXXXXXXXXXXXXXXXXXXXXXXXXXXXXXXXXXXX--------XXXXXXXXXXXXXXXXXXXXXXXXXXXXXXXXXXXXXXXXXX-----XXXXXXXXXXXXX-------XXXXXXXXXXX----XXXXXXXXXXXXXXXXXXX-------XXXXXXXXXXXXXXXXXXXXXXXXXXXXXXXXXXXXXXXXXXXXXXXXXXXXXXXXXXXXXXXXXXXXXXXXXXXXXX----XXXXXXXXXXXXXXXXXXXXXXXXXXXXXXXXXXXXXXXXXXXXXXXXXXXXXXXXXX----XXXXXX-----XXXXXXXXXXXXXXXXXXXXXXXXXXXXXXXXXXXXXXXXXXXXXXXXX%--XXXXXXXXXXXXXXXXXXXXXXXXXXXXXXXXXXXXXXXXXXXXXXXXX
XXXXXXXXXXXXXXXXXXXXXXXXXXXXXXXXXXXXXXXXXXXXXXXXXXXXXXXXXXXX--------XXXXXXXXXXXXXXXXXXXXXXXXXXXXXXXXXXXXXXXXXXXXXXXXXXXXXXXXXXXXXXXXXXXXXXXXXXXXXX----XXXXXXXXXXXXXXXXXXX-------XXXXXXXXXXXXXXXXXXXXXXXXXXXXXXXXXXXXXXXXXXXXXXXXXXXXXXXXXXXXXXXXXXXXXXXXXXXXXX----XXXXXXXXXXXXXXXXXXXXXXXXXXXXXXXXXXXXXXXXXXXXXXXXXXXXXXXXXXXXXXXXXXXXXXXXXXXXXXXXXXXXXXXXXXXXXXXXXXXXXXXXXXXXXXXXXXXXXXXXXX---XXXXXXXXXXXXXXXXXXXXXXXXXXXXXXXXXXXXXXXXXXXXXXXXX


