1,1.0,-11.90986944217421,16.0,22.0,29.0
1257,374,1504,839,476,0,839,1253,374,1253,904,1253,374,1504,839,1504
7,0,5,0,2,1,0,1,4,7,1,5,6,7,3,7
------------------------------------------------------------------------------------------------------------------------------------------------------------------------------------------------------------------------------------------------------------------------------------------------
------------------------------------------------------------------------------------------------------------------------------------------------------------------------------------------------------------------------------------------------------------------------------------------------
------------------------------------------------------------------------------------------------------------------------------------------------------------------------------------------------------------------------------------------------------------------------------------------------
-------------------------------------------------------------------------------------------------------------------------------------------------------S----------------------------------------------------------------------------------------------------------------------------------------
------------------------------------------------------------------------------------------------------------------------------------------------------------------------------------------------------------------------------------------------------------------------------------------------
---------------------------------------------------------------------------------y----------------------------------------------------------------------------------------------------S---------------------------------------------------------------------------------------------------------
---------------------------------------------------------------------------------#--------------------------------------------------------------------------------------------------------------------------------------------------------------------------------------------------------------
---------------------------------------------------------------------------------#----------------------------------------------------------------------------------------------------------------------------------------------S---------------------------------------------------------------
----U----------------------------------------------------------------------------#--------------------------------------------------------------------------------------------------------------------------------------------------------------------------------------------------------------
---------------------------S---------------------------------------------------S-#----------------------------------------------------------------------------------------------------SQ--------------------------------------Q-------------S-----------------------------------S---------------
--------------------------------------#------------------------------------------#----------------------------------------------------------------------------------------------------K---------------------------------------------------------------------------------------------------------
-----kk------g------------------------#------------------------------------------#--------------------------------------------------------------------------------------------------------------------XX----XXXXXXXXXX--------------------XX---XXXXXXXXXXX--------------------XX---XXXXXXXXXXX--
XXXXXXXXXXXXXXXX--------------------XXXXXXXXXXXXXXXX-------------------------T---#--------XXXXXXXXXXXXXXXX--------------------------------------------------------------------------------------------XX----XXXXXXXXXX--------------------XX---XXXXXXXXXXX--XXXXXXX-------XX--XX---XXXXXXXXXXX--
XXXXXXXXXXXXXXXX------------g-------XXXXXXXXXXXXXXXX-------------------------T---#--------XXXXXXXXXXXXXXXX--------------------XX-----XXXXXXXXX---------#-----g----XX-----XXXXXXXXX--XXXXXXXXXXXXXXXX--XXXXXXXXXXXXXXXX--------S-----------XXXXXXXXXXXXXXXX--XXXXXXX-------XX--XXXXXXXXXXXXXXXX--
XXXXXXXXXXXXXXXXXXXXXXXXXXXXX---XXXXXXXXXXXXXXXXXXXXXXXXXXXX--------XXXXXXXXXXXXXXXXXXXXXXXXXXXXXXXXXXXXXXXXXXXXXX--------XXXXXX-----XXXXXXXXXXXXX%--XXXXXXXXXXXXXXX-----XXXXXXXXXXXXXXXXXXXXXXXXXXXXXXXXXXXXXXXXXXXXXXXXX-------XXXXXXXXXXXXXXXXXXXXXXXXXXXXXXXXXXXXXXXXXXXXXXXXXXXXXXXXXXXXXXX
XXXXXXXXXXXXXXXXXXXXXXXXXXXXX---XXXXXXXXXXXXXXXXXXXXXXXXXXXX--------XXXXXXXXXXXXXXXXXXXXXXXXXXXXXXXXXXXXXXXXXXXXXX--------XXXXXXXXXXXXXXXXXXXXXXXX---XXXXXXXXXXXXXXXXXXXXXXXXXXXXXXXXXXXXXXXXXXXXXXXXXXXXXXXXXXXXXXXXXXXXX-------XXXXXXXXXXXXXXXXXXXXXXXXXXXXXXXXXXXXXXXXXXXXXXXXXXXXXXXXXXXXXXX


