1,1.0,24.23808366880893,24.0,14.0,30.0
1257,374,1504,839,1071,374,1253,374,1253,839,420,1253,374,1504,839,1253,0,374,1504
5,3,3,2,4,1,3,0,4,2,0,0,5,7,7,3,2,7,3
------------------------------------------------------------------------------------------------------------------------------------------------------------------------------------------------------------------------------------------------------------------------------------------------------------------------------------------------------
------------------------------------------------------------------------------------------------------------------------------------------------------------------------------------------------------------------------------------------------------------------------------------------------------------------------------------------------------
-------------------------------------------------------------------------------------------------------------------------------------------------------------------------------------------------------------------------------S----------------------------------------------------------------------------------------------------------------------
------------------------------------------------------------------------------------------------------------------------------------------------------------------------------------------------------------------------------------------------------------------------------------------------------------------------------------------------------
--------------------------------------------------------------------------------------------------------------------------------------------------------------------------------------------------------------------------------------------------------------------o---------------------------------------------------------------------------------
------------------------------------------------------------------------------------------------------------------------------------------------------------------------------------------------------------------------------------------------------------------------------------------------------------------------------------------------------
----------------------------------------------------------------------------R---------------------------------------------------------------------------------------------------------------------------------------------------------------------------------------------------------------------------------------------S---------------------------
---@-----------------------------------------------------------------------#-----------------------S--------------------------------------------------------------------------------------------------------------------------------------------------------------------------------------------------------------------------------------------------
---------------------------------------------------------------------------#------------------------------------------------------------------------------------------------------------------S-------------------------------------------------------------------------------------------------------------------------Q-----------------------------
---------------------------------------------------------------------------#-----------------------------------------------------------S-------------------------------------------------------o--------------------------------------------S---------------------------------------------------------------------------------------------------------
---g------------------k-#-------------T------------------------------------#--------------------------------------------------------------------------------------------------------------L-------------------------------------------------------------------------------------------------------------------------------------------T---------------
XXXXXXXXXXXXXXXX--XXXXXXX-------XX----T------------------------------------#------------------------g-------XX-----XX-----XX--------------------------------------------------------------------------------------------------------------XX---XXXXXXXXXXX--------------------XX-----XX-----XX----------------------------------------T---------------
XXXXXXXXXXXXXXXX--XXXXXXX-------XX--XXXXXXXXXXXXXXXX-----------------------#--------------XXXXXXXXXXX---XX--XX-----XX-----XX-----------------------------------------------------------#---#-----------------------------------#-----g----XX---XXXXXXXXXXX--XX-------XXXXXXX--XX-----XX-----XX--------------------------S-----------XXXXXXXXXXXXXXXX--
XXXXXXXXXXXXXXXX--XXXXXXXXXXXXXXXX--XXXXXXXXXXXXXXXX----------------------##o-------------XXXXXXXXXXX---XX--XXXXXXXXXXXXXXXX------------g---------------------------------------------##-k-#----------------------------XX%--XXXXXXXXXXX--XXXXXXXXXXXXXXXX--XX-------XXXXXXX--XXXXXXXXXXXXXXXX--------------------XX-------XXXXXXX--XXXXXXXXXXXXXXXX--
XXXXXXXXXXXXXXXXXXXXXXXXXXXXXXXXXXXXXXXXXXXXXXXXXXXXXXXXXXXXX-------XXXXXXXX%XXXXXXXXXXXXXXXXXXXXXXXXXXXXXXXXXXXXXXXXXXXXXXXXXXXXXXXXXXXX---XXXXXX----XXXXXXXXXXXXXXXXXXX-------XXXXXXXXXXXX------XXXXXX-----XXXXXXXXXXXXX---XXXXXXXXXXXXXXXXXXXXXXXXXXXXXXXXXXXXXXXXXXXXXXXXXXXXXXXXXXXXXXXXXXXXXXXXXXXXXXXXXXXXXXX-------XXXXXXXXXXXXXXXXXXXXXXXXXXX
XXXXXXXXXXXXXXXXXXXXXXXXXXXXXXXXXXXXXXXXXXXXXXXXXXXXXXXXXXXXX-------XXXXXXXX|XXXXXXXXXXXXXXXXXXXXXXXXXXXXXXXXXXXXXXXXXXXXXXXXXXXXXXXXXXXX---XXXXXX----XXXXXXXXXXXXXXXXXXX-------XXXXXXXXXXXX------XXXXXX-----XXXXXXXXXXXXXXXXXXXXXXXXXXXXXXXXXXXXXXXXXXXXXXXXXXXXXXXXXXXXXXXXXXXXXXXXXXXXXXXXXXXXXXXXXXXXXXXXXXXXXXXXXXXXXXXXXXXXXXXXXXXXXXXXXXXXXXXXX


