1,1.0,-5.915420456315933,17.0,21.0,24.0
1257,374,1504,839,1071,374,1253,374,1253,904,1253,374,1504,1504,839,1504
3,6,4,2,6,1,5,5,0,7,3,3,5,3,1,4
------------------------------------------------------------------------------------------------------------------------------------------------------------------------------------------------------------------------------------------------------------------------------------------------
------------------------------------------------------------------------------------------------------------------------------------------------------------------------------------------------------------------------------------------------------------------------------------------------
-------------------------------------------------------------------------------------------------------------------------------------S----------------------------------------------------------------------------------------------------------------------------------------------------------
------------------------------------------------------------------------------------------------------------------------------------------------------------------------------------------------------------------------------------------------------------------------------------------------
------------------------------------------------------------------------------------------------------------------------------------------------------------------------------------------------------------------------------------------------------------------------------------------------
------------------------------------------------------------------------------------------------------------------------------------------------------------------------------------------------------------------------------------------------------------------------------------------------
------------------------------------------------------------------------------------------------------------------------------------------------------------------------------------------------------------------------------------------------------------------------------------------------
--------------------------S------------------------------------------------------------------------S--------------------------------------------------------------------------------------------------------------------------------------------------------------------------------------------
---L----------------------------------------------------------------------------------------------------------------------------------------------------------------SQ--------------------------------------------------------------------------------------------------------------------------
------------------------Q--------------------------------------------------1----------------------------------------------------------------------------------------K---------------------------------------------------------------------------------------------------------------------------
--------------------------------------------------------------------------------T-------------------------------------------------------------------------------------------------------------------------k-#-------------#-----------------T---------------------------------------------------
----k---------------------------------------------------------------------------T-------------------g-------XX----XXXXXXXXXX--------------------------------------------------------XX-----XX-----XX--XXXXXXX-------XX----#-----------------T---------------------------------------------------
XXXXXXXXXXXXXXXX----------------------#-----------------------------------#-----T---------XXXXXXXXXXX---XX--XX----XXXXXXXXXX---------#-----g----------------------XXXXXXXXXXXXXXXX--XX-----XX-----XX--XXXXXXX-------XX--XXXXXXXXXXXXXXXX--XXXXXXXXXXXXXXXX----------------------#---------------
XXXXXXXXXXXXXXXX--------S-------------#-----------------------------------#-----T---------XXXXXXXXXXX---XX--XXXXXXXXXXXXXXXX--XX%--XXXXXXXXXXX--------------------XXXXXXXXXXXXXXXX--XXXXXXXXXXXXXXXX--XXXXXXXXXXXXXXXX--XXXXXXXXXXXXXXXX--XXXXXXXXXXXXXXXX--XXXXXX--------XX----#---------------
XXXXXXXXXXXXXXXXXXXX-------XXXXXXXXXXXXXXXXXXXXXXXXXXXXXXXXXX-------XXXXXXXXXXXXXXXXXXXXXXXXXXXXXXXXXXXXXXXXXXXXXXXXXXXXXXXXXXXX---XXXXXXXXXXXXXXX-----XXXXXXXXXXXXXXXXXXXXXXXXXXXXXXXXXXXXXXXXXXXXXXXXXXXXXXXXXXXXXXXXXXXXXXXXXXXXXXXXXXXXXXXXXXXXXXXXXXXXXXXXXXX--------XXXXXXXXXXXXXXXXXXXXXX
XXXXXXXXXXXXXXXXXXXX-------XXXXXXXXXXXXXXXXXXXXXXXXXXXXXXXXXX-------XXXXXXXXXXXXXXXXXXXXXXXXXXXXXXXXXXXXXXXXXXXXXXXXXXXXXXXXXXXXXXXXXXXXXXXXXXXXXX-----XXXXXXXXXXXXXXXXXXXXXXXXXXXXXXXXXXXXXXXXXXXXXXXXXXXXXXXXXXXXXXXXXXXXXXXXXXXXXXXXXXXXXXXXXXXXXXXXXXXXXXXXXXXXXXXXXXXXXXXXXXXXXXXXXXXXXXXXX


